nodes=[ 
-1.00000000e+02 0.00000000e+00 0.00000000e+00 ; 
-7.07109985e+01 7.07109985e+01 0.00000000e+00 ; 
-9.87689972e+01 1.56429996e+01 0.00000000e+00 ; 
-9.51060028e+01 3.09020004e+01 0.00000000e+00 ; 
-8.91009979e+01 4.53989983e+01 0.00000000e+00 ; 
-8.09020004e+01 5.87789993e+01 0.00000000e+00 ; 
-2.00000000e+01 0.00000000e+00 0.00000000e+00 ; 
-2.66669998e+01 0.00000000e+00 0.00000000e+00 ; 
-3.33330002e+01 0.00000000e+00 0.00000000e+00 ; 
-4.00000000e+01 0.00000000e+00 0.00000000e+00 ; 
-4.66669998e+01 0.00000000e+00 0.00000000e+00 ; 
-5.33330002e+01 0.00000000e+00 0.00000000e+00 ; 
-6.00000000e+01 0.00000000e+00 0.00000000e+00 ; 
-6.66669998e+01 0.00000000e+00 0.00000000e+00 ; 
-7.33330002e+01 0.00000000e+00 0.00000000e+00 ; 
-8.00000000e+01 0.00000000e+00 0.00000000e+00 ; 
-8.66669998e+01 0.00000000e+00 0.00000000e+00 ; 
-9.33330002e+01 0.00000000e+00 0.00000000e+00 ; 
-1.41420002e+01 1.41420002e+01 0.00000000e+00 ; 
-1.97539997e+01 3.12870002e+00 0.00000000e+00 ; 
-1.90209999e+01 6.18030024e+00 0.00000000e+00 ; 
-1.78199997e+01 9.07979965e+00 0.00000000e+00 ; 
-1.61800003e+01 1.17559996e+01 0.00000000e+00 ; 
-1.88560009e+01 1.88560009e+01 0.00000000e+00 ; 
-2.35699997e+01 2.35699997e+01 0.00000000e+00 ; 
-2.82840004e+01 2.82840004e+01 0.00000000e+00 ; 
-3.29980011e+01 3.29980011e+01 0.00000000e+00 ; 
-3.77120018e+01 3.77120018e+01 0.00000000e+00 ; 
-4.24259987e+01 4.24259987e+01 0.00000000e+00 ; 
-4.71399994e+01 4.71399994e+01 0.00000000e+00 ; 
-5.18540001e+01 5.18540001e+01 0.00000000e+00 ; 
-5.65690002e+01 5.65690002e+01 0.00000000e+00 ; 
-6.12830009e+01 6.12830009e+01 0.00000000e+00 ; 
-6.59970016e+01 6.59970016e+01 0.00000000e+00 ; 
-7.55080032e+01 5.48600006e+01 0.00000000e+00 ; 
-7.01149979e+01 5.09410019e+01 0.00000000e+00 ; 
-6.47210007e+01 4.70229988e+01 0.00000000e+00 ; 
-5.93279991e+01 4.31040001e+01 0.00000000e+00 ; 
-5.39339981e+01 3.91860008e+01 0.00000000e+00 ; 
-4.85410004e+01 3.52669983e+01 0.00000000e+00 ; 
-4.31479988e+01 3.13490009e+01 0.00000000e+00 ; 
-3.77540016e+01 2.74300003e+01 0.00000000e+00 ; 
-3.23610001e+01 2.35109997e+01 0.00000000e+00 ; 
-2.69669991e+01 1.95930004e+01 0.00000000e+00 ; 
-2.15739994e+01 1.56739998e+01 0.00000000e+00 ; 
-8.31610031e+01 4.23720016e+01 0.00000000e+00 ; 
-7.72210007e+01 3.93460007e+01 0.00000000e+00 ; 
-7.12809982e+01 3.63190002e+01 0.00000000e+00 ; 
-6.53399963e+01 3.32929993e+01 0.00000000e+00 ; 
-5.94000015e+01 3.02660007e+01 0.00000000e+00 ; 
-5.34599991e+01 2.72390003e+01 0.00000000e+00 ; 
-4.75200005e+01 2.42129993e+01 0.00000000e+00 ; 
-4.15800018e+01 2.11860008e+01 0.00000000e+00 ; 
-3.56399994e+01 1.81599998e+01 0.00000000e+00 ; 
-2.97000008e+01 1.51330004e+01 0.00000000e+00 ; 
-2.37600002e+01 1.21059999e+01 0.00000000e+00 ; 
-8.87649994e+01 2.88419991e+01 0.00000000e+00 ; 
-8.24250031e+01 2.67810001e+01 0.00000000e+00 ; 
-7.60849991e+01 2.47210007e+01 0.00000000e+00 ; 
-6.97440033e+01 2.26609993e+01 0.00000000e+00 ; 
-6.34039993e+01 2.06009998e+01 0.00000000e+00 ; 
-5.70629997e+01 1.85410004e+01 0.00000000e+00 ; 
-5.07229996e+01 1.64810009e+01 0.00000000e+00 ; 
-4.43829994e+01 1.44209995e+01 0.00000000e+00 ; 
-3.80419998e+01 1.23610001e+01 0.00000000e+00 ; 
-3.17019997e+01 1.03009996e+01 0.00000000e+00 ; 
-2.53619995e+01 8.24050045e+00 0.00000000e+00 ; 
-9.21839981e+01 1.46009998e+01 0.00000000e+00 ; 
-8.55999985e+01 1.35579996e+01 0.00000000e+00 ; 
-7.90149994e+01 1.25150003e+01 0.00000000e+00 ; 
-7.24300003e+01 1.14720001e+01 0.00000000e+00 ; 
-6.58460007e+01 1.04289999e+01 0.00000000e+00 ; 
-5.92610016e+01 9.38609982e+00 0.00000000e+00 ; 
-5.26769981e+01 8.34319973e+00 0.00000000e+00 ; 
-4.60919991e+01 7.30030012e+00 0.00000000e+00 ; 
-3.95079994e+01 6.25740004e+00 0.00000000e+00 ; 
-3.29230003e+01 5.21449995e+00 0.00000000e+00 ; 
-2.63379993e+01 4.17159986e+00 0.00000000e+00 ; 
-7.07109985e+01 -7.07109985e+01 0.00000000e+00 ; 
-9.87689972e+01 -1.56429996e+01 0.00000000e+00 ; 
-9.51060028e+01 -3.09020004e+01 0.00000000e+00 ; 
-8.91009979e+01 -4.53989983e+01 0.00000000e+00 ; 
-8.09020004e+01 -5.87789993e+01 0.00000000e+00 ; 
-1.41420002e+01 -1.41420002e+01 0.00000000e+00 ; 
-1.88560009e+01 -1.88560009e+01 0.00000000e+00 ; 
-2.35699997e+01 -2.35699997e+01 0.00000000e+00 ; 
-2.82840004e+01 -2.82840004e+01 0.00000000e+00 ; 
-3.29980011e+01 -3.29980011e+01 0.00000000e+00 ; 
-3.77120018e+01 -3.77120018e+01 0.00000000e+00 ; 
-4.24259987e+01 -4.24259987e+01 0.00000000e+00 ; 
-4.71399994e+01 -4.71399994e+01 0.00000000e+00 ; 
-5.18540001e+01 -5.18540001e+01 0.00000000e+00 ; 
-5.65690002e+01 -5.65690002e+01 0.00000000e+00 ; 
-6.12830009e+01 -6.12830009e+01 0.00000000e+00 ; 
-6.59970016e+01 -6.59970016e+01 0.00000000e+00 ; 
-1.97539997e+01 -3.12870002e+00 0.00000000e+00 ; 
-1.90209999e+01 -6.18030024e+00 0.00000000e+00 ; 
-1.78199997e+01 -9.07979965e+00 0.00000000e+00 ; 
-1.61800003e+01 -1.17559996e+01 0.00000000e+00 ; 
-9.21839981e+01 -1.46009998e+01 0.00000000e+00 ; 
-8.55999985e+01 -1.35579996e+01 0.00000000e+00 ; 
-7.90149994e+01 -1.25150003e+01 0.00000000e+00 ; 
-7.24300003e+01 -1.14720001e+01 0.00000000e+00 ; 
-6.58460007e+01 -1.04289999e+01 0.00000000e+00 ; 
-5.92610016e+01 -9.38609982e+00 0.00000000e+00 ; 
-5.26769981e+01 -8.34319973e+00 0.00000000e+00 ; 
-4.60919991e+01 -7.30030012e+00 0.00000000e+00 ; 
-3.95079994e+01 -6.25740004e+00 0.00000000e+00 ; 
-3.29230003e+01 -5.21449995e+00 0.00000000e+00 ; 
-2.63379993e+01 -4.17159986e+00 0.00000000e+00 ; 
-8.87649994e+01 -2.88419991e+01 0.00000000e+00 ; 
-8.24250031e+01 -2.67810001e+01 0.00000000e+00 ; 
-7.60849991e+01 -2.47210007e+01 0.00000000e+00 ; 
-6.97440033e+01 -2.26609993e+01 0.00000000e+00 ; 
-6.34039993e+01 -2.06009998e+01 0.00000000e+00 ; 
-5.70629997e+01 -1.85410004e+01 0.00000000e+00 ; 
-5.07229996e+01 -1.64810009e+01 0.00000000e+00 ; 
-4.43829994e+01 -1.44209995e+01 0.00000000e+00 ; 
-3.80419998e+01 -1.23610001e+01 0.00000000e+00 ; 
-3.17019997e+01 -1.03009996e+01 0.00000000e+00 ; 
-2.53619995e+01 -8.24050045e+00 0.00000000e+00 ; 
-8.31610031e+01 -4.23720016e+01 0.00000000e+00 ; 
-7.72210007e+01 -3.93460007e+01 0.00000000e+00 ; 
-7.12809982e+01 -3.63190002e+01 0.00000000e+00 ; 
-6.53399963e+01 -3.32929993e+01 0.00000000e+00 ; 
-5.94000015e+01 -3.02660007e+01 0.00000000e+00 ; 
-5.34599991e+01 -2.72390003e+01 0.00000000e+00 ; 
-4.75200005e+01 -2.42129993e+01 0.00000000e+00 ; 
-4.15800018e+01 -2.11860008e+01 0.00000000e+00 ; 
-3.56399994e+01 -1.81599998e+01 0.00000000e+00 ; 
-2.97000008e+01 -1.51330004e+01 0.00000000e+00 ; 
-2.37600002e+01 -1.21059999e+01 0.00000000e+00 ; 
-7.55080032e+01 -5.48600006e+01 0.00000000e+00 ; 
-7.01149979e+01 -5.09410019e+01 0.00000000e+00 ; 
-6.47210007e+01 -4.70229988e+01 0.00000000e+00 ; 
-5.93279991e+01 -4.31040001e+01 0.00000000e+00 ; 
-5.39339981e+01 -3.91860008e+01 0.00000000e+00 ; 
-4.85410004e+01 -3.52669983e+01 0.00000000e+00 ; 
-4.31479988e+01 -3.13490009e+01 0.00000000e+00 ; 
-3.77540016e+01 -2.74300003e+01 0.00000000e+00 ; 
-3.23610001e+01 -2.35109997e+01 0.00000000e+00 ; 
-2.69669991e+01 -1.95930004e+01 0.00000000e+00 ; 
-2.15739994e+01 -1.56739998e+01 0.00000000e+00 ; 
-1.50000000e+02 0.00000000e+00 0.00000000e+00 ; 
-1.06070000e+02 1.06070000e+02 0.00000000e+00 ; 
-1.48149994e+02 2.34650002e+01 0.00000000e+00 ; 
-1.42660004e+02 4.63530006e+01 0.00000000e+00 ; 
-1.33649994e+02 6.80989990e+01 0.00000000e+00 ; 
-1.21349998e+02 8.81679993e+01 0.00000000e+00 ; 
-1.06250000e+02 0.00000000e+00 0.00000000e+00 ; 
-1.12500000e+02 0.00000000e+00 0.00000000e+00 ; 
-1.18750000e+02 0.00000000e+00 0.00000000e+00 ; 
-1.25000000e+02 0.00000000e+00 0.00000000e+00 ; 
-1.31250000e+02 0.00000000e+00 0.00000000e+00 ; 
-1.37500000e+02 0.00000000e+00 0.00000000e+00 ; 
-1.43750000e+02 0.00000000e+00 0.00000000e+00 ; 
-7.51299973e+01 7.51299973e+01 0.00000000e+00 ; 
-7.95500031e+01 7.95500031e+01 0.00000000e+00 ; 
-8.39690018e+01 8.39690018e+01 0.00000000e+00 ; 
-8.83880005e+01 8.83880005e+01 0.00000000e+00 ; 
-9.28079987e+01 9.28079987e+01 0.00000000e+00 ; 
